8742547345952
7629989378641
4699482850738
6048238152984
0359157585965
4535211664078
9889537288859
5469970646827
1273811605956
0665339009112
8904122631501
9137891690683
2541445533825
0730229323966
7346013263854
4746042154578
4348881960794
6327085016829
1830247815638
2006599907767
9635250137736
0192352420150
4340948934643
7896396007003
5445643927430
8794613209211
3519914684934
4626239880127
8578008020083
1169595568797
9255847358760
1520893480612
8004487619463
0410661533748
6463166719798
6857174747009
4996520887643
1459940770460
9970030309808
2269103068113
9193429961915
1898327240100
0457146043904
4732249725674
3742491464206
6027651746727
2918025531227
9507335291425
5654647723616
3516344463603
7060480508676
0069867272143
1484475194738
3219503201061
6675283465999
9547220106176
9394318734300
3251267382370
9047089410074
9404780141893
4525224652217
0722767581617
3676282562621
8535013950777
5627873569185
3402664943826
7873007934762
6335710600260
0948243139734
2576409430185
7138820817610
9564162870900
2123742433959
7526474407065
7262539925399
5763983708593
6376901019949
8771549116115
7672249795591
7787169539546
8205966647282
9904745879199
6928760002737
6380481730450
5301150989399
7265430114670
8057693505822
7229919505607
8064241364558
3804348598130
7081403307738
0039765840813
3131660458400
8782608394096
2031511962869
4860221228481
5090389085071
6763049321550
4694442363589
8306420379180
7048397613459
2593676719152
6246273161430
7675512258387
7319848835369
9738939599861
0579566269166
3708841452479
5808918885627
4013859905354
4184641518810
0395221181881
5085746958300
2832495305233
7297483317454
6394347984243
2194133599566
5436038299500
2317320301691
7108801293843
7625786650972
6663562511918
4434353822490
7047442422659
9502569108874
6413789865719
7546685242985
1014626874698
3615344684177
9345870285842
0916435094047
3772908512528
2353820165094
3704697814023
3381853514083
3964705585457
3579693673293
9828926708379
0621795344540
9912460862863
5907861574523
8441352832389
9075122449078
3223152028489
2585129287777
8015254100809
9742433781220
8504477165016
3956147813444
2893635656781
2558597584344
6079402127089
1193809069838
3433576705329
1116655989080
6954399673196
2963808112764
1976871787461
7276550007113
9838035904905
3574899088191
2985224060700
2785913731503
2345033444026
8510135655367
4879437039352
0146551039124
9906267868710
7591328497959
1459586533229
5889236317557
1946667042353
4709615056436
9838109765388
4267970985375
0507870531899
5812952124372
0869180541828
6887701250140
3213826761325
9250399087944
8571043538731
7510655443051
6712254855209
0115643628660
3726945202468
2376780146621
9202567153738
1954730426584
1152291959824
0391208654257
7166575966016
7161786022475
9719036302275
1823874597769
9246269334360
7264655101324
4514910378103
6937162794638
4595409576260
0863556010741
3645941173178
1672864128175
5013632345534
8596254878722
1893047760178
1896504494050
9676942004770
6887477003636
7729566616497
9985643496104
4023361840090
6169944249048
1182730834068
2965284093200
0884019570071
8941745851385
0508279853659
2614732330176
6114419881683
9071211627797
9503394279097
9606299872986
1155486206382
5196784546383
7034977697697
0817431498762
0990970112945
4423226095547
7794077048934
4774150330074
1934617847797
3535808519104
5065503143386
1693764424246
8187610132831
9784054303237
1373881661542
7881304670168
6005273895776
6481172593786
0579403490940
7112568564562
2661158310556
5683723457078
0501809676778
3365634307587
4706983228343
2845434826294
2478819491918
2818619418007
0709156304382
2542180991927
3475730388953
4428039590868
7937867822409
8183644694089
8147889614919
3580149961732
5459084887455
3783952172893
3329880988940
5527977781668
4254001465590
3578668750409
8315378580244
8155600035761
8381366598564
5681411017331
5403879847743
5468965232751
1016657527302
4678775166232
9631328135219
9050418230954
5172872429856
0832381946507
4483106050132
1999995475271
6951354158916
0156278916569
2800927253779
8416479343323
3393095370810
1809216257636
6046319081990
7684377597495
8012210557644
0666972656574
5926785995415
3678788935556
9034594285729
4443756623032
3667219440610
2930612453976
0888818220132
8043883642646
7521046820433
0547630927507
9175544136876
2087919350799
1154027729373
9630195725695
9356012214018
1407268421456
5201495989264
8649844443181
6182109738525
0623869208612
9557938894884
7173837243928
8964909722812
1213851192212
9343552155034
4368146588588
1033085988397
1526408962461
2097126928480
5479173889542
0914103129277
0313117045426
0124262486684
4315476382389
2250847075004
6469347030666
6706687054211
1246225402394
2891842855637
7803565836582
5299384237988
3129127825385
4696882316743
4709650016518
3127462620743
5389606030806
4523444868556
7753270998896
8140341711799
8165025878496
2331658013223
3575806695740
0463189321955
3816698475157
9525621132204
6011482431020
3729575577211
2023606786523
6836360168377
0642286441950
4837076414702
2269564476340
3794416806216
2078576545206
9347027603519
1602179826960
4360600287202
9507689868625
2210285519191
0902657370028
1799020742959
6111379049728
1324501680957
0345959983837
6697848734283
3352867032138
3087501343794
1414493197632
7260465624002
6753068063474
5664560047956
9014533855954
1150583878366
0167044479097
3255997867574
9992263376884
1473838760930
0845996764122
2922696281647
4608719968931
3924814249408
8304640075624
3641694056389
4546037152145
2347155964465
6229979923971
7126231669093
0392426391693
5714885756800
0825333817554
7544452983564
1665549080745
0918986156961
0833398749589
6590518952917
0777618286850
9544573414708
1127681911437
6015157609245
9368522174391
1633560000290
1536260346001
6464029873720
3629361085136
8448575688177
4329696378854
8707852448484
1476976975899
2460468033139
4079964851646
2232736004900
9300025089386
0897748038110
0875819782067
9126823604203
2852359231016
6882395679474
3763519006794
9502480558346
2642256239354
4238499217012
2494315025833
3858623009582
5518991599488
8696122153231
4857393366342
6250484510218
2978143297168
3857807481356
3693030162191
3587595143348
5791776730184
1454016373753
3407965707615
8201338472694
8000887837867
8678226888129
7786283961878
6101545475680
8294495082419
6968897967999
0596113543063
5092781331676
7044945510890
1850582473025
6437984162262
7548476782602
7325852213065
1018934175020
4886995331540
0224992659345
4427865880604
2240748299311
0083448436364
5429562655526
0334028706507
3336883806794
4639313298722
1521926121203
9694014202447
9501405725919
4839883207440
0851132109465
7836020488684
0472194696454
4531996484691
7945393230107
3062895993706
9525324242004
2080387472483
8471415199230
9539264127231
0010684357617
8565139076541
6958618191483
6624559706553
7934772580878
8760504060760
1779329450829
4162145792841
7350250152781
3097126218273
2874619782833
6862819752445
7846875408252
0452074017999
4605780421285
5284840261453
0084023065745
8830870084059
9271868681211
2043017008902
3569243819647
1083865833897
9518836093568
7392752535222
8383364866983
4885502130503
1262085823058
0526948324686
0711211258567
9291170997640
3753125797769
6741375423741
9984906035449
8872638358313
2398585929514
3271655174599
6590173464531
6118707886563
5741824686319
4477798618555
2548995200207
4884456492090
1283685250314
0668511966438
9233957337818
6319543609600
5238758529008
5877936920543
3654634359161
9849063792663
2194772136519
9814896192863
6367757832626
7327978421127
1905551482333
6594302895433
3835183421979
0559762850680
1503528082867
5817020428078
6100869616361
7756455323107
8327801038039
5387089464367
4513486382590
5752864486961
4601607147625
7201717978776
0447747180438
3161977394268
9470905234484
5038384212629
8490640666202
4673862997521
2542651232928
0602903437772
5832707388443
7132178722523
5859375214230
4348630158445
1840900053004
0173099679369
0849305952655
2209794249876
4572074627860
8240384744262
9825981438976
2244748117855
5883376536769
0222065152764
6863140255134
8239355992670
7363160550642
5667294250028
1575244139018
8188414071356
2352856808226
4706470069120
8173532803755
1273756248108
8182764382519
1989790355081
1082686680647
6357981495022
7447039871100
9995108592270
6267985736643
4980849184295
7438416796315
8178569728539
3599932618389
9326092429855
9102053801517
1562650214207
2391358136862
0083644665184
3486889141651
1908377450245
5241626920405
9203784071423
7144136180454
7456125941101
5113381536813
7220276627904
4577966424170
3068438431270
1853642388182
7277764618460
0328668181496
5018612791035
6675936045976
4527855580649
2345948526126
0795630194170
2391753900647
0504361592448
0499403918723
1747319006201
6502705805586
7104677045305
3798021295061
9441010738649
8101774858589
3236705080304
2335503114696
2899657623149
0167343053934
9777681735876
9409468721746
7673690932622
7568032843651
7973301814161
7031536530319
4885258226706
4670013457497
9874931848480
0488116151433
4901944550967
9152206797693
3350545963459
6380129825296
7989128877841
7265363088251
7439888793947
3421303305861
2237406290852
1220820413889
6846699992902
7913431280836
8626692019646
3159034698944
7241070789889
3211135178042
9755037038564
0656009854087
6848105552318
8696988301674
7621222525676
7403649104285
7624829855576
8580787151657
6579329503346
2149270551588
9277097711694
9342793820104
7052388679581
8002778388483
5227808896198
7565503348212
5491582884747
3542447297738
5849222370634
2341730827509
9706144281467
8590382445179
6621324556212
0225726313059
0429453402847
2869322488171
6457355543277
8381364766408
2055057572570
1867244011020
3152567646996
1657508453405
5831982911800
9072541162518
5821961216722
1860801750420
4147588351342
8663121707478
6612695089137
4487563562083
9159054323901
3268527159799
0842416518704
7659468041957
0514251506917
7685739763664
5843608878716
5747310278738
4970191037507
6510811560194
8671655216811
7183424980165
2210185900670
5323165334340
7045381269115
6412458226122
4653311926589
1016613121709
4293227023840
7835687647776
1280731948138
0591666933219
8602252642274
1206554270074
6972734333708
6260178329471
1306807586701
8727385075435
0474538211777
9233404695497
8581817634595
6122890045569
0777217078123
3973223083231
3395424063890
3178772723988
0468179607201
2103037072855
9142308075600
2893964733896
3006228643380
8313354779721
5140642246149
5525137468938
3791744410341
2528107435443
8157870141873
8160202454243
1531432454185
6443159075552
7455507712649
0673923406670
3556489701180
3998537665538
0665144640057
1374174179376
5645191413231
7399079825988
8799831160796
9781215350449
7239243522002
8256964450412
2866928496673
8877008261143
6343700526514
8361161685072
4216703789010
0920269887724
1346643765095
1310744644347
0266800090112
6367926511231
4246830939281
0151320879450
0521506113886
5320887247893
4712298808909
1234728307470
3595954377033
2531713873436
9700395385752
6216042344052
9086355585070
7413686715199
0601720811897
3658660570122
7142656934050
3896670878557
0655339530102
5355274449823
2332586540056
6548870572258
5488766611291
7245499445496
6100212569762
8877775229140
5420357014877
3960240845023
5561536733586
7756167007805
7833560430735
7018309830520
5075240023467
3244630707082
1712883024464
3157347871399
8604686702805
8459901620298
5850443721135
6058549996149
7583677644326
6353297606359
2175048384877
2899881795137
5150708299955
7078534752830
6565630225441
4287087456079
8042801576222
6491557984336
0382448643507
8612729681047
2437497027805
3033372894751
6082197598717
1228721562928
4389453626958
7087447325040
1762852436964
5566545241464
5850733983232
7004067092984
3561094283795
5708223548742
8356570127401
8832523579490
6315426019153
7020240516512
0990646817956
4945541270309
0086202776088
3273864658492
0935236555608
2442920131593
9057968147538
5047414526593
8877505132418
0809500906098
4524689619771
6301559812524
1949139653850
6782912115516
8616949741408
5581573977677
6160197054139
1962699988487
1228879003380
3293240334510
6333522938310
2949861172445
2797281335331
3679650742904
9221666760975
5848647776218
0115547713762
4986865537457
9845168961226
6543754931940
8267724336125
1999068366183
0962828631450
1514068836309
2318518766417
8316891705010
7961213563300
2889524142130
8391508429282
4734024263792
9833317794356
9823735647648
6297739926165
5187547187755
3191446079145
5142124427200
0568856822048
5481077860503
6821419154983
9027533323432
6719108312531
1977145518524
5941237641465
6819554689423
6995089475674
2217724654027
4306415543624
1990217321447
2938078389017
3495185126819
3126426211345
7457017099240
5255248704889
3411196108211
0055277904539
0061501859223
4053850497519
6779020693461
9555020739100
1557415252847
2906976090717
2380345927321
0007921670193
1226839411554
1051580803298
6783524465661
0028060598283
2052834200361
2027145562767
6667168699858
9825249967255
6481322949100
0095605564398
0333401156039
7750615046279
3062252821617
6123897292140
8171295730463
2872447556206
3896808773045
9452805689208
0386464207424
4455343916391
0159973640516
0753407827836
9825097556757
7569823877289
5228715555642
6736794397915
3171437160500
5728001352640
7031788919619
1162198136585
6910396404012
4717560903162
2182273678528
5516537426983
7701363251897
5677412057174
5209840545408
0275624668897
3280354590129
6775855035109
2558940010189
1478162961700
2794687286052
4212119896517
2313261896235
8768771483007
7228714128091
5439648338434
3855654010241
9543570691236
6995856541814
1783829680703
2147792002190
4983226276151
8234314145860
0836919736432
9921570141577
9964596977487
8605321704049
6513986388777
2812409456927
5900393123310
3365435883996
1862707335952
4370195960927
3885876978788
9630277121501
2917807505575
3971898439986
4484488491343
0782539389195
4014709000329
7819364319537
7227340459293
0950081710054
5444396683340
8934262920734
5192539231780
5876117349904
1649658327860
8739007828562
0226953517666
1943338052155
3395866974478
7736011906852
6732942112027
1907901407231
7825098882461
4373860450082
8297795706660
3512807232885
0187653445062
1126941361533
7971938178029
0496165476175
2643367319831
6816306472137
8561102781138
5702049400809
1240772196302
4529116398442
5395144525683
6371529450652
4135158284649
7783384322676
1668183535400
8627889552745
6490163263419
1547254242325
6771990374628
8448155612245
4796546372365
6888354647779
7530479059146
7345031662070
9085129135323
4317896670367
1165548125853
3329783420469
9271158356305
6575152664839
5955739910920
6777043864433
6554009780222
4848531057846
2039856860963
0360703500891
8699581692961
3074860358155
6027750032696
6338025901240
2553611294378
1983148217674
3926305785035
5997171308570
1241151979728
2137180765756
1256576399243
0582561413669
6978424840902
5649922334212
4167215234481
3099404000203
8907239356750
2635742747328
8434526444203
9616414894776
2083165552504
0528906960601
6605866261828
0533629156397
2450773744837
7221629227640
7353184784600
6999547689634
7700214063177
6973739056624
0090475488180
1133025382104
7202190081634
9625680193736
1781145722584
1758907680892
3703054505892
0842091589015
9430333324527
6411609663525
3997879179588
0846355151603
5901337816793
2735637973495
1539510916437
4123584933739
5653630136231
6092866558120
6178370890453
0679198059607
2629412829570
9899735907568
2940828215017
5983928707409
5888802242714
6485206255321
8298026377936
0070370837964
8224393950406
5561450839956
3479636545613
5255563724822
9803526365093
0990920213593
0743982218667
2403232201611
8185366939585
2319470940204
0530575249293
0607201311593
9147397239738
1638568436822
8449523454790
2864183000451
3800286679928
5012007897452
0997237948469
7678055613572
0354206706217
7543120011095
3952578831775
6641932600393
2240600594496
9145217461099
8837625368165
1507138361358
3180553467520
0694652011285
7090805502822
5292836136172
6187279768594
0849193740876
5923867412331
4038399805715
0508091502812
9821933747285
1206808771733
8809523780581
5187096883182
8193470050601
4754871004883
3028275590049
9373292528421
7208333429180
4453308980942
9635221330504
1194961149721
1143774273138
3529508397736
3580104675117
9442836081319
1237782032705
2249502193869
3826900329521
0680740177467
3498764712600
7276087008841
1465707288280
9758735618009
9620916519257
9745442323832
2905142263039
4829999519087
0899746999661
7211380301450
3753569156652
1972449092777
1087589599950
1614981798997
3347029921522
3800567956330
9501157136253
6551831782453
3696805584774
3145872017187
1345701174181
8826337225357
6905995135738
8965981390256
5381209723528
6131209488180
9796217751242
8836267120994
6709202994367
2931289612879
5114596993356
2482902881869
9690008512042
5275554204101
9156227396006
4099972040648
9140659184374
6994135201299
9648653999795
4704750581236
7500713516540
4480721110423
6752089250017
7391737025032
1819818012281
0369673637308
3190316162220
6706390456934
4720079883632
4253665273688
2037003469052
1217921400854
4655257309691
8278880952487
5794072689076
3612827672505
1971440613016
4067275217178
6838694647118
0395148464862
2535798531432
6889824955253
0398657324443