9047421270430
3681984630988
4817861458482
0867257410386
3150525952551
6995446540985
7806752725903
8161716691255
4065780143055
8986928021890
3317484718366
2121683630086
8829700921774
1563397275885
9165681550322
1366305468216
4616253549503
1658978256676
9714427030361
9030427413572
7998667837943
7352827079533
1895050170801
2411667997836
0693716347327
4383357905649
2429188072682
6235483060073
8581167938954
8916437466398
2278468174979
4534817455864
4947763596260
0553935557404
4460522021591
9501387579338
7425781179322
9321218090898
5700832438249
4425058049352
0156773266791
0184651790031
5817611085173
2842058574391
4025063209938
4616529852901
9249080691400
1410891722045
5601028552443
7299794354120
1137551332925
7574696208653
5369479312392
4280419127960
1705561414017
6576940980816
6803111531257
1730035159816
1969134534114
9321208556359
4977286107922
6213473923741
6893024641162
3689227019228
5677592337082
9579335511517
5604755384385
7661264240872
2756187131026
3753693817217
5686664060842
1675613560331
7395229753537
9748026955691
7903226233719
7265755560617
1438736072739
7624379655445
2304106075799
8034779347415
4238749011404
8267203466298
2022073009654
6857747273180
6571966539265
4670657537263
2813040694616
5589052337422
9919415079327
2238877890114
4203093778049
5457597129066
7154124434438
1042897669676
2069247452978
5806864408973
6526554090860
5577336936701
7010282668408
7836384647210
9369415410353
3742616335409
9872341713132
3037752380600
6750000681955
9862664295708
5922119343857
2279142774925
5371953211407
1491309111225
6547234158855
6032616020267
8956389579630
9291035424455
5585527853922
8381182375489
5391410210637
6170266777016
6154397068243
1508586380178
6407892137877
2465581577457
0976497169456
3006381576128
0448605754735
8299648593325
3028923919786
3686205755687
8979645889158
8176675512101
7756327443051
4820459489965
6309907057012
9871497119472
8614639291782
7038512778481
6840171556953
2545949978390
2334396521653
9929432360364
7690448693226
7664059198719
4126950042384
0783902758778
7471284923423
6490474576991
5398106437766
3648685731143
4448217823948
4280365919222
6580427764637
1406020646078
6365941794118
9242713979218
8325508954413
4192841820521
5567842471000
1560592275067
9384289092248
5084369585595
1584029350864
2496011170524
3461523723380
5232234838872
9258204064091
2798845138601
0570407615051
5471337621543
5050281048436
3485137927802
9484536919629
9986646872831
2254123977934
3654367790281
1085545086156
0282847539843
2252870330996
7643095039744
4245776244927
8950599962207
0993720599287
2775015752189
7970308425102
0418220414033
8459788352476
4975985976124
5201010785380
3374046747702
7891591648442
1477274202789
1852039566419
0679331816948
4925973877804
2870552364710
3191021758975
5947172402817
2105071776878
5662316608533
7355871757749
2513899538213
4332229216708
2406049528237
8556665810134
0715554922672
2990396563439
1381540690891
2441453114443
0855544912004
1963888449091
2675298046477
6497124152527
5906746808424
0081965816991
4396983504350
0354256643257
4958154175039
1453990205805
2735990510799
6251746637399
1554787791549
7033141161425
2461973067435
9212286062417
7919444944751
2246828381233
2052127221857
8949459413370
6900125778670
2682313375605
8647732712368
0755871833038
6505450079980
5128043386030
0691330692925
2980722197670
2543516374903
5943475174194
6367062087478
0428889656866
7020969865108
3963409890266
7275051752558
8411544679365
6025785939368
3670366439112
7063449583124
3503318459832
3294730197589
3628783026098
1532310419995
0815214929752
4320536176813
7140838468719
1850493176984
4629370570340
3195112012413
2901061864305
0057247780712
1178696419985
7615336455096
1808216151995
2500931897170
5106573387745
3589823643765
4133502722730
8399052156920
9033320535501
6766159986045
2617445732004
0159013598750
8046465573260
7713298112184
8777429108072
2871161633261
4562091128491
0416457353789
5278666209472
9534232692247
6643706981136
8224830806204
0244221208109
1041285000386
6050267889188
0569740805427
4789593810350
2777330226777
0969107855340
4901359481069
8656627839219
1522576524291
4545049016305
9383875088995
9895816997249
0706126565553
0590687871975
4258523927225
4074813987231
2726069616901
1560413655371
7294945390447
3971009383353
3755174541523
5887683491453
9791910845512
5515974384135
1123458789393
0272516934761
7195263696071
1796958973758
2719332519402
7801185802061
2524937354554
4248699509741
5518067052010
5558756185000
3541257551019
1385551479049
4432323695327
0353234728895
6686098034261
6271334754029
5690217898285
8805103509293
0401279720436
2098941158616
7055111750484
2606395336429
2886528193544
9152237625245
8773935953488
7478951610283
3029822640231
4221321630413
2884438603655
5965972642560
8253233884999
2030116873552
7742187474933
7253732645111
5504390038654
6171577946492
0767285251195
0651319276155
8555829404062
5272998548258
6091142146421
0594833038086
3490692244094
0556953074795
4732932039640
2985101797510
0296493708879
7060823796048
4584414147957
1529604632298
2909678036124
6726805742533
3088555477916
3705801539920
0378990393178
6870856619018
0905525873289
9928718761232
1543257877823
4934626410501
2982976152857
4291661807414
4743312322983
1586714211058
7341588059234
0800819217538
4632827346852
4333222737312
4125081732070
4098919322009
1011082952273
6665728799326
5901498181994
5819798366173
9843455965830
7695844102193
0833158063364
1520323646642
4341812701980
9251642079171
0699333419950
8451135475104
1945876629579
4720562615601
6862310313477
7390892577343
6029792981384
0532592355871
6091921887675
1516766995420
3702492279913
9409773124550
2666081946127
3156419440994
1962816672854
5317480547829
4006700184772
0760876768416
0217047088265
7018438726648
6960418334334
2133109743248
6802218458622
6520195894941
5805344752499
5175787419171
3559097211830
9630439756939
4615931065137
5025694137859
5689039284313
5601090469886
2243521552517
3799976228269
9755752106762
3707012406467
7918263817127
5704535613386
9278185245983
3898782627679
1821989435091
3036810290022
7892637302989
1380532148022
8977324131257
9811245392567
4917250558744
1918148466418
5833073326945
6010283871953
7100957984172
1786487549672
3897618482291
8781845015501
4369408264473
5096435856248
9465736178308
1217528642798
5278056698153
2702155020933
0705996880734
7276978772107
7596623727037
1001419096709
3743699080070
7159357999141
4443008755386
3211227767490
9247713579797
6999345794497
7540679912065
6103516023869
5996837342792
1619125022391
2664600663278
5629386986594
5166831407468
1336982973650
3952582154414
5669766847831
8241824539147
8774338419874
1147702795104
0668012024183
8810027298267
3413333622692
7775828443501
7586865219715
9497840425295
5958427405864
0094892189548
1243306339454
8789451908603
0481531574895
7941973040873
8937474270409
0350368351157
1008312004927
2888381437455
6400370304151
5099308405694
9090769628201
0243589489775
6155723318345
8487163815152
8128325849367
1453187401309
9204140451604
5207818418715
5115624313419
6435949698130
3680334282887
1691540506876
9325403275813
6357536452611
4881883230354
0910433681249
8575691584596
5342792837869
5108910347357
2298128984433
5624604585736
1858248983936
9372515994558
4529127400055
2090708013218
8933568336359
3962135233370
2125443851355
0559626254557
7808304167936
7325107616393
2438954699272
1112177839533
8420481920063
3161836983913
3570658728284
4855353168160
5342475433163
1290294383196
3966792743780
7779080997066
6485576646757
4729090177535
8994784113674
5561779357488
7418904934902
9109452493079
0275717678506
1659708883168
1497984666400
3655366874704
9178916387846
5727066438359
8545696591931
6156339992253
0788819299640
4987985782115
7950862266635
7270370784841
3664534861278
1953921759904
6863044874516
3606102184858
0531619685668
6210837776434
8581892496645
8085004713081
9030268264285
5406203894961
4895758660602
3416358490266
1273611848618
2618400868530
3425609184006
1454832478806
1253160207779
0887498426556
6792481909793
6706238178909
5628287699651
3755361127039
1530471555352
6903000658098
4790077605911
4875737267584
5408517469532
5213699690387
2305139600786
3400010118688
4543815639675
0020811835429
9533320317552
3467612178848
3648575773988
8917269980929
6435012032498
1006092882383
2513571104436
0138805118676
7947843695274
8472348364777
2243668291115
8642843484808
0062576690897
8566044620793
4755879556338
7792698425821
2751834122252
3876026122365
6963705673747
5617047056857
7935811194160
2989632189748
2408050415404
5708058104076
7546141337732
1333128733561
9066444151968
6765260777361
7934404098097
9502461122656
0277098205102
0384381781208
5085978785121
2028220668907
9319968300787
2324539516286
1147931231147
1224678556242
6698269414559
0031767303765
2730051465717
4617713389894
0216212783886
8502438690092
7440616855452
7899531619651
5437266780470
5296748311001
8769150963575
2882659965833
9615834209256
1895978665441
6961218736966
6370647713368
5115686417208
2063823440514
3683016658415
0504249434519
5689308372454
7641117330341
7621254676091
0417406238552
2653895191069
9759009071356
2546867978905
4909515243268
1980292629798
8085229443756
5612327960897
0395537506209
1871609519851
7773540872300
8791556201672
4839379217971
1313332851556
2444241589408
3057558675741
9494077421021
5731411018432
0870426079970
1832621783573
6822160608331
7303488551181
9746684049149
3245754725284
9538807567605
1771015479357
9768009744248
4860572078387
8075517997503
9466013053285
0950732176655
7714541421420
5071888311233
1197386570143
4129540585961
2933190240400
6982364001643
8356115704635
8401954512851
9108296648393
8463033438941
4888911130952
8277828338285
4737637136489
4122173225846
1414402881932
6689067488440
4797676674013
5347965413761
6507147918548
0921581510559
2268533818209
3663402030625
4378986098378
7848706414772
0720663187021
7892511623241
8533803991433
2373962556467
3658757782118
9183654539499
8601611635450
8970807170162
4892621036258
5846670220701
8201946132679
2183011218372
7529556079961
5045335844185
6972765473315
7767682686411
4096590469711
1681244550288
1498437960570
9338954312134
9796734030281
1347476286435
6738136836887
1788800431998
4534000682016
7182847002444
4830254951755
2274519322085
4898637254243
8739034648822
0255623607963
4593149268824
5827683170365
1914734257621
2777439235935
0773466010367
1574611885757
1341655827029
1664445859709
1871969447481
6607089455932
7089508859164
7492223255872
7290585868918
7916643417506
8550289837391
8041548505342
0484122602281
8085119220800
2745857228234
8154816626440
3151420178287
1455708325042
7133274194312
9458412776239
9011553296515
9266628187871
6652613983149
6496936043593
1093094861689
3791540460927
7765936246230
1819402872796
3222680230973
5041222985426
6156323383299
9109319795764
6291564520486
1489999752769
1884290190295
0416712045725
4154050147497
1076053977874
7251796293885
7632135070847
3978812293490
1593763246656
6679871397215
1720614443085
2441188568672
3814370501845
1058013184870
9411388125979
2178284433238
1524234078980
3145970378650
1173811040867
0218804821175
6159830831161
6471050020746
8123377418514
8628117763382
9689742144046
4096263791510
5569099686443
5831111490507
6620201494691
5482710727891
0502285350136
4531546618558
6092946877701
6062806653849
2855117876928
7792885673498
4022068830922
4536890820118
1112067024528
5766219103781
2037173421950
3020452727273
8353088761506
8068234025234
3889204717830
4109748453261
0439211060692
6238339728575
8367066072182
6453403638910
7270675433645
4371897903148
9268122197714
7889688868547
1682746704405
0813668115139
5673065375436
2326463329214
8688321322863
0911466824496
7229513229920
0291176568603
9796831854983
2959095579920
2684870790013
1101877409884
2597697673648
7489448188459
8132407486867
7763708924453
6476236095663
9399479136360
5771899162651
7085112026761
7244644338554
8391773955749
7495572755442
1914742912574
3200472878244
8995982964318
7792615954224
7271645163277
1053724273905
8127698232309
7619729821943
7871086008935
5350834202684
9398731496057
4576838791277
3426248063594
6268724478490
6555914666521
3132036209756
3862666252008
5129677046060
8454254340052
7447236435833
2568303578923
2525834094457
1062136898994
5276405990661
8079486391218
0735381937608
2460181194656
5146442114272
5540421824847
3618661313937
0743653481865
1672219107835
3564450944610
8516772432190
8486767222735
2199911474583
7717508235688
1129903404785
8376538571673
9151005591558
1240847074203
2990466966326
2391248807254
9118962003793
0870858819771
1593280983946
8231516056836
2221199363669
6399650387619
1937334953428
2113468167844
5424645033614
5198334881547
2697371562328
6639033078637
0809255099071
6308809241954
5629878341625
5527054133622
8560146026236
0211921616312
8009771357217
9066841649578
3444890140691
4225395419202
4951795533927
2668018599292
5572836192118
1795646473711
6042341821193
1367894574199
0507185094145
3091383917001
9470250202160
0798216343026
4090197652935
0501144276035
2672213923299
0617131332946
8367780093485
6499759452029
1758351039600
6708366445746
6186468165562
8595993211435
0846697262678
8648412769471
9329571839230
4502301199436
4978532469633
9706971911244
0085547165999
7427745382799
8953448790488
5121264396314
7227870895597
9071837961240
0716814394576
8388649572626
8538040662238
4828184456142
6178544707262
1520551897535
6904144236556
4954128845364
5192998348343
1756812865411
1248372910297
3942362418652
5285697382116
1277870860081
9087769856618
7485808128009
7356395201266
0268949936378
5217789177655
3605232349615
7567792500801
2138710299292
3231839818386
9640081218139
1254684888946
6992639177846
7281962655322
8916460146436
3454880063424
4522951372901
7870716925294
2286882526248
0914590426341
4422679402859
0775526422533
0140712370406
6913294996022
5455783885038
1722462638587
8967984656582
7647837760115
5307728808397
3539921302029
7326800994576
9601458084458
9636312988629
4035621129350
7900016829504
6499821927699
6764805431869
8028958707898
6371066066672
0530962641897
6627622904254
6074349137455
8406339730159
2088489434320
7857307775083
0238530589291
3684566891313
5313089568295
6114364593568
3057775372241
6615760708502
0856831169826