53456
7807
05152
1990
33584
78397
19149
16319
9451
05431
5498
9053
38396
5621
3029
0673
33588
2414
30583
77108
15796
43663
0357
8077
28833
09919
5070
6849
05285
34085
7897
69136
7305
5999
1009
6562
3683
71435
8903
05724
0533
46634
72073
31804
16850
51290
35559
3780
7096
98033
2228
4211
88417
01107
17287
3007
1306
03452
0117
1778
8132
9049
24149
02096
12300
7179
72887
84328
9572
77446
5142
1908
48398
9820
6070
9489
75335
9055
0943
7322
56413
5262
21315
21898
57955
43239
4228
1146
7463
9759
7919
2091
22677
23128
68375
66753
7044
3963
3760
5486
83024
81174
4557
8274
83256
62269
7824
61145
7658
22908
1463
2011
41636
1443
5658
6292
4786
6554
2262
7387
9634
3824
3304
0115
5879
0157
65244
4291
75120
77819
16991
49214
2746
4779
3255
5279
4630
5999
31851
07586
59865
14616
2679
52540
45272
8378
5418
2823
7544
1779
1530
5634
6496
10175
07179
43213
4219
1379
8312
2361
6476
8455
19156
3095
09553
00156
02990
6225
78153
95495
75192
6046
9587
3223
6338
0620
8938
40735
26922
1461
7210
3155
6064
1378
61406
42675
2811
2511
0649
3406
84482
51108
5347
48936
53195
5570
88053
07437
79262
1587
7363
9792
0066
48604
26708
33852
36793
1684
84654
42057
2426
9319
43593
6776
05863
8004
30586
47528
3694
06507
17712
33252
55007
0057
27500
30059
33161
9693
36533
8025
97799
5199
61329
60437
54903
31502
3825
09011
13702
2647
0917
12845
0439
59984
2597
38427
6777
7736
55631
51166
75908
9515
14330
91884
97444
07498
53542
0409
78686
9306
8725
88286
0564
49687
6913
21443
6314
4361
11709
72866
4455
64442
68703
20835
84754
0472
6534
34841
64811
03341
11295
84974
36456
21199
2225
23337
8070
60541
3445
24324
45833
4667
12698
82256
7682
8207
39947
81800
33409
3338
11265
67770
1406
82421
0733
02275
0355
0820
1833
68155
72562
61373
29449
6388
3746
4248
30525
3693
4873
3045
1394
5070
7800
02273
46452
46781
63086
38230
01790
7495
32360
0786
22210
68976
6531
14276
52598
6086
00272
80034
9564
04637
4775
9283
61444
0149
05653
96200
34004
09739
99117
7711
5567
65586
4939
0271
46541
40664
65308
4460
6560
1840
8788
45214
0076
99653
8160
98393
85675
33344
92047
18387
8477
14984
28866
8330
7401
0525
2185
66982
5149
2220
04697
7295
99816
4204
7813
5332
13941
8025
30968
68723
5149
06404
95272
00807
2190
70165
20920
36886
4232
68821
1733
6746
25819
15927
8798
54214
12649
1704
11115
1817
63730
8716
2339
74821
00252
96320
3141
92308
6750
48445
4116
2728
9649
6980
4374
3775
0195
64838
24388
70921
85156
8187
24851
52036
6612
8690
78593
9335
24340
81449
3493
84062
1685
53184
99383
4531
53022
3939
63575
28477
7193
65900
82395
4237
3389
1679
44070
6776
61092
54320
1001
1961
6368
59240
9900
36742
97161
3622
25953
3765
2146
10926
6614
5549
7531
23379
2568
3491
8650
34397
06935
76015
53222
9723
81378
2434
26778
15654
4777
1030
7752
54019
7009
4315
7270
94355
4598
73164
2130
3612
02297
8306
8435
02998
0239
7363
7621
7268
40426
1859
85181
18206
1543
7274
1597
1133
1895
5121
5003
49843
87430
11729
16738
34572
5149
4711
28933
9784
0176
32975
2969
57909
7983
72829
6130
91127
5454
3093
1084
39168
82345
65217
6535
13578
2714
2799
35387
5925
0530
13468
8749
5903
7974
7390
31959
59101
63634
22984
3234
0585
5052
3270
8962
5753
6559
54192
8849
57601
4727
6900
66312
8832
11151
9660
7422
36962
81516
4998
4269
86275
8657
0715
00981
7653
7291
15321
49626
15259
87792
2325
39874
92392
8171
1028
4875
15676
02037
62048
3451
6118
34972
79372
87860
5209
2159
77980
54029
6946
4507
7625
02187
9166
2917
9332
52212
10301
66255
8651
8562
76703
44457
7283
3694
9701
7177
21714
1027
76569
5353
25755
66966
9334
5474
3905
3405
0175
05064
0178
48851
07223
34538
7889
80350
30930
3270
84104
56161
8474
2651
1034
18052
68269
1247
84795
86552
8505
9942
3537
4233
5979
0695
9907
3524
2996
3792
00864
46003
31246
80527
4285
48608
24863
0705
1630
8962
81738
4044
93568
19978
8158
14941
5342
8813
83911
07181
12929
97720
4202
8592
9007
47101
4172
4324
2853
81564
19236
8194
34659
62203
0670
11263
40009
84197
6472
45804
27279
5034
29645
4983
40568
9652
74286
12228
70075
26249
63189
45807
3816
35738
17410
43740
66617
6416
99621
05595
41537
81715
1232
0959
6770
23578
88778
84873
63154
51697
70048
42132
1546
45643
5891
05646
6238
2846
7882
7429
0363
50838
4492
7202
01932
29793
0231
51829
37725
64734
41251
32086
0863
14264
45005
74372
9515
58280
4047
17947
3968
6583
34199
7839
92970
7273
58876
3677
82248
54983
3560
0453
95212
58286
70252
42800
6054
68611
73655
06875
55902
31403
5861
4235
7672
38877
0037
1805
93111
5742
56425
33884
28788
4417
0445
6289
55072
91679
1816
2508
59908
66779
16386
8058
08127
38877
33671
58098
6420
1609
74524
8151
23581
6927
42798
3267
3151
5113
3201
2705
19152
66558
70233
22905
8128
48185
6502
9174
6653
8696
3631
0432
14238
17522
5355
1115
5261
34171
90948
62951
67521
2867
3441
24241
5674
26976
4350
9215
32207
6748
70477
93083
0779
98018
08467
09004
2631
0197
75078
07903
5795
22901
4587
1188
2798
70349
74298
72907
4518
73613
3783
1833
87822
19947
77169
1308
59254
82736
0905
2617
69822
8883
0276
4396
5179
0484
6874
3108
35629
18106
4755
9442
0066
2935
05281
6871
2159
14410
91555
72709
40526
87150
60858
8093
7281
93257
3853
2150
36528
1288
7622
44289
0607
5477
91452
7363
75012
81521
81017
83374
98693
28938
57875
48011
7968
8037
16535
32320
97515
29665
0865
2011
42754
11491
5318
64334
43570
46308
32367
7112
2623
1053
3808
09780
72594
69449
0117
6051
8010
19106
4787
73106
38639
1548
1166
6600
06734
61939
6331
41713
1310
69712
8133
4235
42365
2576
86199
21194
32193
52121
1121
8802
7712
9404
64078
98198
96016
80334
72423
79654
5513
3115
7142
03407
92010
3124
4542
96908
3308
4000
3152
86876
55270
6655
60515
86251
26804
40049
66709
65176
2264
3236
0505
56201
71151
1130
99536
9552
2489
37901
55228
24977
24774
4462
51249
0807
15570
4481
7859
03371
9318
44228
84200
1077
19176
11049
81666
84532
8176
0952
72316
1148
79297
3350
4162
4002
43021
53544
1473
6154
74848
20102
84845
2518
3274
7431
49785
80428
91330
78586
18965
97315
99880
22709
21201
86617
60190
02618
11795
1803
3407
63229
9739
20327
00617
46351
42322
8667
14208
2282
4847
2516
9680
44060
35876
2986
77462
14178
6964
13837
25312
6334
32164
4641
69841
36181
25532
2001
56568
4515
0729
22317
8093
12595
00429
65930
14219
0487
12471
01295
8078
20113
2955
8214
86972
3969
85219
41895
28217
6704
67424
67900
44729
23747
7257
6453
5295
3662
4739
7209
88750
32171
59947
84718
2823
91009
0393
4941
09949
1978
68010
5304
17126
4420
89661
0854
4738
8412
37250
2617
40536
8817
9093
9203
83393
0023
2097
3717
9386
63141
3039
3551
74093
15860
3103
68617
45143
89904
66799
9516
4484
56601
1117
13280
6226
67594
0182
9195
4387
40983
45888
35061
8361
3223
51007
60989
57563
84357
21186
1531
7275
3360
36432
13596
93772
5623
97187
0275
74442
58519
2675
73600
1410
4451
1068
90801
86803
0182
7657
11264
2561
8879
6446
69155
75652
05626
9011
88859
49185
03284
94997
18092
3014
44547
91807
6080
93709
4938
8613
3686
6131
6829
1659
0500
6540
77023
62602
35840
6833
82805
72905
5134
20928
10481
96465
38183
2426
3822
1284
60681
34104
3856
79095
0768
2203
7625
9198
69796
10820
29181
5394
33042
3537
21584
4044
6417
3095
32787
7846
9423
46775
7992
7986
67041
1076
41252
1295
68572
10328
57283
70355
71051
95401
31050
59627
84738
6058
30602
0981
9780
50754
59425
86033
1079
92392
6128
74654
4986
9360
4848
89827
0916
83783
00040
11389
14505
7719
20669
5375
4543
9273
2159
6539
1986
9531
18816
0987
75872
89269
3927
74567
7624
25274
0383
35362
22333
5492
24295
99735
8984
3963
05415
4509
43933
55046
14932
77821
33146
1431
53979
2721
3444
44984
8749
73650
04951
23883
3718
4963
59382
1279
0242
0189
35621
75398
8681
48615
5354
68855
2874
0014
77943
10122
7423
4546
59043
59478
4868
88432
0123
1306
58716
76743
44244
59854
1835
22289
54789
14549
1160
5940
3971
1077
40861
7728
26328
51872
0030
12161
01905
5121
8479
3942
2277
42797
59226
06965
19641
6486
1440
6516
4105
27150
8532
34308
48458
97402
97165
8354
24722
40316
4663
05528
73529
3277
10441
22848
0342
83888
9607
8192
07115
2868
33005
10808
8633
6365
6552
40659
0489
90652
9062
68647
4138
26150
7421
3640
05052
7735
1438
3378
81611
5663
9318
8709
0616
1076
19431
93967
76505
4628
1280
45745
9060
7849
1292
5184
47991
4972
00938
56051
63915
79784
4962
65436
22981
9126
45275
4668
21498
2389
16429
1965
2821
5903
2086
72314
4140
8587
72735
9965
7552
18641
07878
1286
6434
12946
2575
71562
9183
16126
5707
6615
2111
28351
65534
93226
49958
9351
50575
84713
6132
4334
8895
1068
3261
4449
23661
7201
9798
4817
5553
7836
1277
5942
9635
9086
6564
0892
88952
11192
6312
0664
3487
7717
23673
5618
68811
7170
98563
26410
05068
2844
40196
00044
93751
94392
2203
3992
1263
3344
83902
7997
7887
8474
06669
4382
0811
13515
3624
1368
1803
61677
97609
5110
0867
5313
08744
36134
2882
8516
3032
6399
27337
3220
5057
25721
79156
29447
2983
7987
04121
88804
8109
5753
00444
8131
91836
98179
7756
1649
6017
3395
94182
07519
0743
9413
3223
73632
97948
61818
0226
5268
67919
23558
4516
51396
86824
6213
7714
8061
1677
1994
60351
91374
2068
78905
08670
78421
0128
20095
69131
3282
61574
76891
8318
1563
20871
80392
3524
6354
81435
5697
04571
4640
96889
5134
84370
4684
0130
82374
88195
9000
5936
3404
4821
6657
3546
6112
9642
8570
30610
9154
9901
0934
9405
99101
3834
24811
50586
7843
7722
4227
92770
5165
5302
09087
87792
26124
67741
0869
8754
9758
9159
3975
4271
15300
2748
61818
94579
6825
15057
00515
27148
66409
87134
52832
43458
37526
80338
9258
23713
15964
2676
20703
39451
36468
09804
7669
04848
34547
5969
7772
36300
97103
22834
82614
3852
03315
50266
9934
8294
78746
7067
47261
7778
09890
3044
07713
83796
5812
45710
2227
2998
32039
56039
7306
9886
6045
8269
3422
35762
75931
26537
4368
9399
2807
9402
1540
27844
80421
7387
75340
93148
1006
1679
80065
84239
0838
1885
81134
96016
25164
94523
71469
71689
5745
40814
14812
44896
5919
77642
9086
49134
8284
7075
23277
24242
57098
39489
07421
80820
29838
1234
95254
59742
48099
6760
5186
5935
82130
23251
8775
2154
97767
09565
46175
62312
17632
4399
06291
69955
5681
57414
68698
48472
1707
0402
5863
6197
19149
4060
1714
6172
94257
21138
63667
54765
37083
86091
74377
8507
0359
84319
28352
73651
85992
10101
69125
56030
93141
86239
76127
5049
73947
8359
6675
65648
81915
49533
4710
4201
7717
5704
3849
1609
77083
35609
97520
5054
74026
9604
26651
08659
94811
7301
1009
2952
7528
73471
0809
5374
79733
4398
0370
92662
5901
52652
3771
3603
9051
3702
4573
5901
2453
27643
21304
4521
34251
99797
9008
97207
8636
1310
0266
6312
7226
15532
5266
09030
51736
30372
79090
54931
0492
4930
35390
0722
90718
2178
5530
4935
33256
58756
7075
52338
7037
12918
1328
8613
8359
06104
1756
4854
3352
60551
08323
0677
83509
4478
6871
13736
91040
2707
18818
61264
3266
36656
4584
67678
4013
08131
1897
1051
95154
6916
33005
5804
58043
38570
48164
4031
7376
0434
74874
6935
8773
2632
4281
5436
5781
98632
1768
4764
75188
6405
5475
2399
9076
88196
7366
6018
95959
32256
7091
27427
8212
21919
63321
1057
4614
74892
0351
2641
94096
81956
2799
2034
52733
7851
3558
8809
5436
3324
48071
39056
0567
3078
7949
8788
90553
52469
76932
59799
2635
94044
8385
2311
66417
8418
3091
3154
6294
3384
7568
6643
8496
93463
8037
83016
04540
7200
63600
3908
30232
6793
71131
21486
9556
01119
8198
94756
90650