11210
04590
0908
41734
9167
57438
7302
9611
1995
2860
1149
3724
7893
3963
42868
9520
76744
2432
19928
28137
3211
6113
4153
8143
5137
8907
76579
86104
11974
59084
37556
19040
20865
6377
0117
68477
2946
7630
3787
9649
74585
3264
59669
1872
6488
9717
72673
69841
84039
92203
9895
9907
0906
4357
83531
9291
5069
8828
85571
30862
74895
51749
0135
3940
9519
57739
2267
11615
26338
11721
65129
44369
8611
9437
01161
87335
52748
93781
97890
92395
3571
89228
13973
37208
86440
8698
1334
94054
81864
7745
6946
9813
3420
77285
8349
9264
9781
5796
69519
2552
7314
17315
7312
5044
2004
1230
67882
89508
92207
5424
99187
97884
7842
4293
6969
0947
26031
35695
22285
7033
05671
96220
49839
0171
6389
7249
1201
3328
7060
51833
56516
95992
8749
7137
03941
9545
51545
8940
4007
25752
10112
72610
80171
05954
3502
0504
2686
9789
2385
82808
43002
2425
17128
3806
97095
5454
07485
0111
77172
0231
65574
14839
9195
04800
8176
78637
1286
74677
45306
32273
3420
82593
5561
6165
7436
8887
0537
9968
1054
5926
19737
48024
7615
8869
5901
44860
0238
05436
59755
23871
6938
98652
52655
1983
3342
41073
27941
90849
7232
1998
81915
3483
56437
53938
01115
50904
64679
60482
74477
88785
05151
12567
5664
2446
6089
0641
4230
2635
31792
0537
7387
18915
2791
3354
9684
12372
2181
52326
5273
1943
69767
37561
75430
1619
45020
4269
3540
5438
46749
39328
66394
1345
7520
5559
43093
78869
17383
2355
21434
25753
10114
32519
2183
13808
8153
8197
1667
0458
8775
6667
52359
15352
94304
9472
27323
8228
08616
7908
9705
28532
6227
18606
1385
36361
64292
5306
30093
9515
87653
54332
6863
39748
73014
0459
32988
02797
8796
64325
70097
7082
8064
0187
1479
2922
77580
6402
5052
74691
6626
05467
29279
4258
7064
9008
08127
36402
16909
92087
2124
38283
5412
94648
78392
6179
22226
36572
1915
6515
61488
22567
58185
6201
8731
7126
54988
16346
1617
7627
59350
61947
76663
12889
53293
4314
91988
71969
6238
84978
8210
09078
3113
9116
91181
5966
55029
5964
9157
9929
35112
61859
71616
1153
2619
02734
73960
80680
0323
2833
84730
76477
4754
31534
45848
49750
5198
95286
09689
80945
0628
89423
6308
94381
9397
00114
90911
9703
90678
6313
8161
6143
38642
2729
61568
2722
90624
8570
9827
3269
3870
57698
53262
9011
9702
38796
49436
04597
9884
4594
69985
7990
73306
8958
4231
91874
0277
2038
3533
36861
9398
48533
46503
32916
8157
03661
7999
4194
7934
5197
2267
2298
39769
5574
0345
00800
0275
5356
58339
84837
8672
4152
62622
49238
95966
2912
37051
67405
15408
2943
1593
02282
55848
69247
6982
6841
92250
97133
32637
9019
10197
5737
7952
0136
94648
55776
22052
2245
62547
7077
1849
13065
29516
5341
86008
17255
32886
6938
6792
2753
08701
9893
4972
9727
16100
6929
01739
7097
6970
4326
60402
35961
94042
74703
6324
25706
9604
7586
1035
9894
7488
1743
2124
14446
9161
99361
77961
42884
9903
27241
38322
20974
37337
59937
1954
86884
8000
5857
45968
8029
95146
12342
77147
62380
8280
84885
4391
0616
5701
18186
75696
54416
8601
13059
47862
38575
99684
62581
6178
5800
9198
1982
3062
2659
33634
6468
38514
14797
9789
9333
0751
0702
4835
0537
01188
9475
2682
16226
94567
5959
24437
48826
84108
7671
62808
80456
19277
53204
5125
6976
04877
7529
7026
45193
3456
95137
72103
2909
46051
5438
6552
4397
50724
7016
7931
49377
24970
85489
3553
27621
0935
24007
9216
16650
18990
87956
8381
0335
5473
5477
70956
0237
8622
2062
56885
9975
15818
31711
6753
71477
6963
94009
51925
70525
23701
51900
88712
38727
16888
3775
47217
33439
7213
62702
96050
2295
8167
1077
7098
2514
52828
7347
67037
10760
4406
99038
0093
6850
6816
4408
0750
26006
51896
9673
78630
4325
56835
80912
24019
17240
1470
7033
6293
59064
8249
20202
48914
7192
2410
22751
1350
8085
3616
2905
7456
22226
0403
15471
6062
75853
3801
81335
6380
2899
56612
3093
27715
6178
1927
3227
98830
6112
2328
2383
0034
0783
3904
1525
91731
15387
29404
5013
25528
4799
5063
38716
77120
30321
97056
6935
7731
3687
21182
6924
1640
96201
1574
5978
22585
49750
5375
16518
98043
98514
92535
70476
22810
5065
33541
60348
17520
8562
6760
8116
6361
6331
47967
03832
56854
46386
27932
1095
62464
03922
5362
1313
5448
0720
06713
87408
3666
89684
26628
91222
7192
57154
33372
1553
1172
7935
98991
4058
0581
7432
27157
5176
38632
39107
2203
6982
27220
2505
90742
89441
09212
29214
51878
96138
31929
78468
6350
9690
23661
60006
07304
7241
4832
9002
47155
6162
60971
1063
93834
19350
7451
37000
41656
0238
6361
91177
0748
77712
14718
7183
90614
0222
4528
27934
10214
4291
60599
01318
8679
4607
61994
70759
3088
23148
3374
27210
28236
35581
4826
8288
5329
85610
7215
63682
63364
57822
49569
93602
53718
31037
4935
48951
2293
55343
1654
20923
7697
81135
17094
7313
24006
32104
6750
53031
20879
9790
2865
4519
2588
4914
02276
2365
60292
6842
2983
3810
70954
1786
67380
2769
6292
87517
3309
43115
0321
7356
02771
54028
32741
0573
43831
43078
4337
3195
14461
55098
7456
46852
9923
35602
8925
4047
06164
9151
60725
65098
2309
6387
32924
87324
8708
0551
95225
2326
7300
53817
4469
1818
59772
5902
70448
4485
1728
90472
98381
37518
36290
80488
28186
6482
6438
6074
64739
93125
96809
7660
63645
6670
2478
9230
3898
50497
2703
29995
12146
88430
4094
8018
61119
66413
46217
80206
3930
62313
7269
1902
92538
61917
0419
54470
8874
8204
9719
5396
03567
9958
47699
61517
5461
76866
1799
53159
0015
53512
6640
65872
70809
83014
5335
9845
0625
18172
2987
7445
0339
53171
43874
7858
00828
3345
66306
41261
88816
73606
3705
8181
0706
1180
41050
4110
1646
3712
19780
2122
7066
80962
00858
6623
1891
6215
95992
63815
17225
9041
92161
1648
22416
8679
7101
7334
56563
9341
57910
31170
6568
40980
8965
4157
86115
06970
31115
7596
3436
1221
6606
8266
65274
10482
15775
7532
1053
64667
2195
6500
99368
6429
04494
39676
25095
60065
83038
85015
6413
37155
2949
2226
2431
1237
23281
4937
10685
63850
61504
4150
57514
89231
6293
5883
8593
2312
9866
1225
3137
02564
0854
46718
33110
12992
72653
0341
9282
52384
57111
3386
18014
68166
76431
8648
70075
62953
20080
2500
8161
8202
41091
02533
00900
0980
92837
7205
41790
70748
23275
21908
16106
96386
83165
33143
25881
1343
7653
46584
5813
7617
3322
91550
77721
0087
02413
26707
3812
1160
00192
39610
8196
55170
1561
16198
86214
4147
53369
10143
77014
0586
5618
33673
3872
8953
69780
0380
3897
54392
5402
0497
72071
6571
63265
45513
49438
71200
72923
8782
6962
5668
2521
7918
62179
23484
8655
2110
99570
84257
2877
03710
44488
4018
20952
28469
94217
6233
8444
5890
0535
72715
5453
51594
6937
5245
9284
9492
23194
70351
6682
9819
4747
12531
56637
5905
4895
88442
1809
7919
48939
00432
0092
86981
26723
19134
5070
64023
3033
4664
5262
14896
7034
3091
2718
5058
6454
00694
4046
2113
53558
74059
74865
8452
5553
0878
4871
88665
71473
6961
8382
14887
52957
90033
06189
3915
21953
4100
73746
8949
01023
04564
73290
0364
5907
32468